property_key,avm_estimate,captured_date,source_url,listing_visible
1775CCF7-6445-38BA-E063-4704A8C05A7C,874003,2026-06-19,PROXY:open-data-hedonic-OLS,false
1EAE3DF6-C424-9EB1-E063-4704A8C09D02,770515,2026-06-19,PROXY:open-data-hedonic-OLS,false
1775CCF7-6481-38BA-E063-4704A8C05A7C,846589,2026-06-19,PROXY:open-data-hedonic-OLS,false
34222872-AC53-4D2B-E063-4704A8C07853,873125,2026-06-19,PROXY:open-data-hedonic-OLS,false
1A0C5C63-7DEC-7CBE-E063-4804A8C06C96,892281,2026-06-19,PROXY:open-data-hedonic-OLS,false
237B17FE-3A7B-22AC-E063-4804A8C0EA3A,756474,2026-06-19,PROXY:open-data-hedonic-OLS,false
1EAE3DF6-C442-9EB1-E063-4704A8C09D02,1403386,2026-06-19,PROXY:open-data-hedonic-OLS,false
2859C1AB-76F9-52B4-E063-4804A8C05948,718447,2026-06-19,PROXY:open-data-hedonic-OLS,false
1A0C5C63-E2F5-7CBE-E063-4804A8C06C96,282821,2026-06-19,PROXY:open-data-hedonic-OLS,false
12A8BAB5-D728-2125-E063-4804A8C08CC1,392630,2026-06-19,PROXY:open-data-hedonic-OLS,false
1A0C5C63-E349-7CBE-E063-4804A8C06C96,1378989,2026-06-19,PROXY:open-data-hedonic-OLS,false
1C3E72FF-0E1E-F410-E063-4804A8C0DFA6,495428,2026-06-19,PROXY:open-data-hedonic-OLS,false
1C3E72FE-696D-F410-E063-4804A8C0DFA6,917985,2026-06-19,PROXY:open-data-hedonic-OLS,false
1C3E72FE-6AB1-F410-E063-4804A8C0DFA6,334126,2026-06-19,PROXY:open-data-hedonic-OLS,false
12A8BAB6-6ED9-2125-E063-4804A8C08CC1,685791,2026-06-19,PROXY:open-data-hedonic-OLS,false
2F7F2B42-A161-E08F-E063-4804A8C05A49,822995,2026-06-19,PROXY:open-data-hedonic-OLS,false
1A0C5C63-8072-7CBE-E063-4804A8C06C96,860218,2026-06-19,PROXY:open-data-hedonic-OLS,false
25E9DA80-54CF-555E-E063-4704A8C066F2,639050,2026-06-19,PROXY:open-data-hedonic-OLS,false
152AB733-775B-E651-E063-4704A8C061D9,324365,2026-06-19,PROXY:open-data-hedonic-OLS,false
12A8BAB6-6BC2-2125-E063-4804A8C08CC1,870114,2026-06-19,PROXY:open-data-hedonic-OLS,false
1C3E72FE-8542-F410-E063-4804A8C0DFA6,1465661,2026-06-19,PROXY:open-data-hedonic-OLS,false
1A0C5C63-026D-7CBE-E063-4804A8C06C96,923011,2026-06-19,PROXY:open-data-hedonic-OLS,false
152AB733-FDA4-E651-E063-4704A8C061D9,995208,2026-06-19,PROXY:open-data-hedonic-OLS,false
12A8BAB6-6E3B-2125-E063-4804A8C08CC1,425655,2026-06-19,PROXY:open-data-hedonic-OLS,false
1A0C5C63-7D4E-7CBE-E063-4804A8C06C96,1696815,2026-06-19,PROXY:open-data-hedonic-OLS,false
1C3E72FE-66A5-F410-E063-4804A8C0DFA6,1140517,2026-06-19,PROXY:open-data-hedonic-OLS,false
2131FCF6-44B0-86E8-E063-4804A8C0372B,886259,2026-06-19,PROXY:open-data-hedonic-OLS,false
1C3E72FE-64EF-F410-E063-4804A8C0DFA6,1311357,2026-06-19,PROXY:open-data-hedonic-OLS,false
1C3E72FE-698D-F410-E063-4804A8C0DFA6,445126,2026-06-19,PROXY:open-data-hedonic-OLS,false
1EAE3DF6-265D-9EB1-E063-4704A8C09D02,854192,2026-06-19,PROXY:open-data-hedonic-OLS,false
1C3E72FE-6699-F410-E063-4804A8C0DFA6,1486053,2026-06-19,PROXY:open-data-hedonic-OLS,false
1EAE3DF6-C438-9EB1-E063-4704A8C09D02,800164,2026-06-19,PROXY:open-data-hedonic-OLS,false
2F7F2B42-A1B4-E08F-E063-4804A8C05A49,829199,2026-06-19,PROXY:open-data-hedonic-OLS,false
152AB734-00E6-E651-E063-4704A8C061D9,1031750,2026-06-19,PROXY:open-data-hedonic-OLS,false
1EAE3DF6-227C-9EB1-E063-4704A8C09D02,441581,2026-06-19,PROXY:open-data-hedonic-OLS,false
2F7F2B42-A17A-E08F-E063-4804A8C05A49,825576,2026-06-19,PROXY:open-data-hedonic-OLS,false
152AB734-86B2-E651-E063-4704A8C061D9,982826,2026-06-19,PROXY:open-data-hedonic-OLS,false
1775CCF7-D442-38BA-E063-4704A8C05A7C,665208,2026-06-19,PROXY:open-data-hedonic-OLS,false
2131FCF6-4261-86E8-E063-4804A8C0372B,1086336,2026-06-19,PROXY:open-data-hedonic-OLS,false
2859C1AC-36B3-52B4-E063-4804A8C05948,1173773,2026-06-19,PROXY:open-data-hedonic-OLS,false
1775CCF7-6818-38BA-E063-4704A8C05A7C,1109088,2026-06-19,PROXY:open-data-hedonic-OLS,false
2131FCF5-A761-86E8-E063-4804A8C0372B,329806,2026-06-19,PROXY:open-data-hedonic-OLS,false
1775CCF7-642E-38BA-E063-4704A8C05A7C,1323201,2026-06-19,PROXY:open-data-hedonic-OLS,false
2131FCF6-4237-86E8-E063-4804A8C0372B,493069,2026-06-19,PROXY:open-data-hedonic-OLS,false
2D4D7608-9125-BDF9-E063-4804A8C0672F,272260,2026-06-19,PROXY:open-data-hedonic-OLS,false
2859C1AC-35D7-52B4-E063-4804A8C05948,862394,2026-06-19,PROXY:open-data-hedonic-OLS,false
1EAE3DF6-C41C-9EB1-E063-4704A8C09D02,696368,2026-06-19,PROXY:open-data-hedonic-OLS,false
1775CCF7-D42F-38BA-E063-4704A8C05A7C,344770,2026-06-19,PROXY:open-data-hedonic-OLS,false
2131FCF6-457C-86E8-E063-4804A8C0372B,913131,2026-06-19,PROXY:open-data-hedonic-OLS,false
1EAE3DF6-C7D1-9EB1-E063-4704A8C09D02,1003383,2026-06-19,PROXY:open-data-hedonic-OLS,false
1775CCF7-D452-38BA-E063-4704A8C05A7C,408236,2026-06-19,PROXY:open-data-hedonic-OLS,false
1EAE3DF6-C35E-9EB1-E063-4704A8C09D02,796067,2026-06-19,PROXY:open-data-hedonic-OLS,false
2131FCF6-4178-86E8-E063-4804A8C0372B,1227238,2026-06-19,PROXY:open-data-hedonic-OLS,false
2131FCF6-4264-86E8-E063-4804A8C0372B,939160,2026-06-19,PROXY:open-data-hedonic-OLS,false
1A0C5C63-7D7B-7CBE-E063-4804A8C06C96,887111,2026-06-19,PROXY:open-data-hedonic-OLS,false
2D4D7608-90C0-BDF9-E063-4804A8C0672F,408912,2026-06-19,PROXY:open-data-hedonic-OLS,false
2F7F2B42-A1AF-E08F-E063-4804A8C05A49,366965,2026-06-19,PROXY:open-data-hedonic-OLS,false
1775CCF7-63AC-38BA-E063-4704A8C05A7C,988454,2026-06-19,PROXY:open-data-hedonic-OLS,false
1A0C5C63-7DC7-7CBE-E063-4804A8C06C96,1165796,2026-06-19,PROXY:open-data-hedonic-OLS,false
25E9DA81-1F63-555E-E063-4704A8C066F2,1205645,2026-06-19,PROXY:open-data-hedonic-OLS,false
2131FCF6-4627-86E8-E063-4804A8C0372B,1123212,2026-06-19,PROXY:open-data-hedonic-OLS,false
1A0C5C63-0241-7CBE-E063-4804A8C06C96,725614,2026-06-19,PROXY:open-data-hedonic-OLS,false
2131FCF6-44F5-86E8-E063-4804A8C0372B,901418,2026-06-19,PROXY:open-data-hedonic-OLS,false
31C68071-B0F1-FEE3-E063-4804A8C04F37,308365,2026-06-19,PROXY:open-data-hedonic-OLS,false
1C3E72FF-0F5A-F410-E063-4804A8C0DFA6,1243671,2026-06-19,PROXY:open-data-hedonic-OLS,false
2131FCF6-4203-86E8-E063-4804A8C0372B,865692,2026-06-19,PROXY:open-data-hedonic-OLS,false
1775CCF7-672E-38BA-E063-4704A8C05A7C,1187675,2026-06-19,PROXY:open-data-hedonic-OLS,false
237B17FE-3A02-22AC-E063-4804A8C0EA3A,1198241,2026-06-19,PROXY:open-data-hedonic-OLS,false
2131FCF5-A72A-86E8-E063-4804A8C0372B,368943,2026-06-19,PROXY:open-data-hedonic-OLS,false
237B17FE-3F1B-22AC-E063-4804A8C0EA3A,1189833,2026-06-19,PROXY:open-data-hedonic-OLS,false
237B17FE-39C2-22AC-E063-4804A8C0EA3A,1003397,2026-06-19,PROXY:open-data-hedonic-OLS,false
1A0C5C63-812A-7CBE-E063-4804A8C06C96,366625,2026-06-19,PROXY:open-data-hedonic-OLS,false
237B17FE-3F0D-22AC-E063-4804A8C0EA3A,894461,2026-06-19,PROXY:open-data-hedonic-OLS,false
1A0C5C64-0114-7CBE-E063-4804A8C06C96,579222,2026-06-19,PROXY:open-data-hedonic-OLS,false
2131FCF6-44FD-86E8-E063-4804A8C0372B,768172,2026-06-19,PROXY:open-data-hedonic-OLS,false
34222873-0E9B-4D2B-E063-4704A8C07853,879327,2026-06-19,PROXY:open-data-hedonic-OLS,false
237B17FE-3B0A-22AC-E063-4804A8C0EA3A,1935818,2026-06-19,PROXY:open-data-hedonic-OLS,false
1A0C5C63-E2E5-7CBE-E063-4804A8C06C96,548324,2026-06-19,PROXY:open-data-hedonic-OLS,false
237B17FD-92BF-22AC-E063-4804A8C0EA3A,776451,2026-06-19,PROXY:open-data-hedonic-OLS,false
1C3E72FE-656F-F410-E063-4804A8C0DFA6,694837,2026-06-19,PROXY:open-data-hedonic-OLS,false
2D4D7608-9180-BDF9-E063-4804A8C0672F,1137877,2026-06-19,PROXY:open-data-hedonic-OLS,false
1A0C5C63-7D7D-7CBE-E063-4804A8C06C96,847997,2026-06-19,PROXY:open-data-hedonic-OLS,false
1A0C5C63-7E26-7CBE-E063-4804A8C06C96,903528,2026-06-19,PROXY:open-data-hedonic-OLS,false
1C3E72FD-C63B-F410-E063-4804A8C0DFA6,760659,2026-06-19,PROXY:open-data-hedonic-OLS,false
2859C1AC-35FC-52B4-E063-4804A8C05948,894662,2026-06-19,PROXY:open-data-hedonic-OLS,false
237B17FE-3B1F-22AC-E063-4804A8C0EA3A,679332,2026-06-19,PROXY:open-data-hedonic-OLS,false
1C3E72FD-C48D-F410-E063-4804A8C0DFA6,372202,2026-06-19,PROXY:open-data-hedonic-OLS,false
237B17FD-9213-22AC-E063-4804A8C0EA3A,443061,2026-06-19,PROXY:open-data-hedonic-OLS,false
1C3E72FE-6943-F410-E063-4804A8C0DFA6,394369,2026-06-19,PROXY:open-data-hedonic-OLS,false
1C3E72FE-6643-F410-E063-4804A8C0DFA6,898173,2026-06-19,PROXY:open-data-hedonic-OLS,false
2F7F2B43-3F75-E08F-E063-4804A8C05A49,957370,2026-06-19,PROXY:open-data-hedonic-OLS,false
1C3E72FE-659B-F410-E063-4804A8C0DFA6,1469528,2026-06-19,PROXY:open-data-hedonic-OLS,false
1EAE3DF6-C7B8-9EB1-E063-4704A8C09D02,850519,2026-06-19,PROXY:open-data-hedonic-OLS,false
1C3E72FE-69A3-F410-E063-4804A8C0DFA6,1044485,2026-06-19,PROXY:open-data-hedonic-OLS,false
25E9DA81-2470-555E-E063-4704A8C066F2,826125,2026-06-19,PROXY:open-data-hedonic-OLS,false
25E9DA81-1F1F-555E-E063-4704A8C066F2,1111255,2026-06-19,PROXY:open-data-hedonic-OLS,false
2F7F2B42-9F1F-E08F-E063-4804A8C05A49,365311,2026-06-19,PROXY:open-data-hedonic-OLS,false
1C3E72FE-E8DA-F410-E063-4804A8C0DFA6,393015,2026-06-19,PROXY:open-data-hedonic-OLS,false
2859C1AC-5CA5-52B4-E063-4804A8C05948,970475,2026-06-19,PROXY:open-data-hedonic-OLS,false
1EAE3DF6-230E-9EB1-E063-4704A8C09D02,347460,2026-06-19,PROXY:open-data-hedonic-OLS,false
1C3E72FE-6573-F410-E063-4804A8C0DFA6,1071213,2026-06-19,PROXY:open-data-hedonic-OLS,false
2ACACE8D-0DAA-295E-E063-4804A8C0B0EB,966489,2026-06-19,PROXY:open-data-hedonic-OLS,false
1C3E72FD-C415-F410-E063-4804A8C0DFA6,400861,2026-06-19,PROXY:open-data-hedonic-OLS,false
402A3A66-255C-A7DF-E063-4804A8C0B80D,607608,2026-06-19,PROXY:open-data-hedonic-OLS,false
34222873-2C43-4D2B-E063-4704A8C07853,1037336,2026-06-19,PROXY:open-data-hedonic-OLS,false
1EAE3DF6-2277-9EB1-E063-4704A8C09D02,948076,2026-06-19,PROXY:open-data-hedonic-OLS,false
1EAE3DF6-C7F6-9EB1-E063-4704A8C09D02,1361312,2026-06-19,PROXY:open-data-hedonic-OLS,false
34222872-8FC8-4D2B-E063-4704A8C07853,402698,2026-06-19,PROXY:open-data-hedonic-OLS,false
36A61A94-3F73-DEF2-E063-4704A8C046AE,401754,2026-06-19,PROXY:open-data-hedonic-OLS,false
1EAE3DF6-C7C3-9EB1-E063-4704A8C09D02,1739103,2026-06-19,PROXY:open-data-hedonic-OLS,false
1EAE3DF6-C486-9EB1-E063-4704A8C09D02,801035,2026-06-19,PROXY:open-data-hedonic-OLS,false
1EAE3DF6-C3FE-9EB1-E063-4704A8C09D02,1375243,2026-06-19,PROXY:open-data-hedonic-OLS,false
1EAE3DF6-C88A-9EB1-E063-4704A8C09D02,337328,2026-06-19,PROXY:open-data-hedonic-OLS,false
25E9DA81-2051-555E-E063-4704A8C066F2,944494,2026-06-19,PROXY:open-data-hedonic-OLS,false
1EAE3DF6-C349-9EB1-E063-4704A8C09D02,996540,2026-06-19,PROXY:open-data-hedonic-OLS,false
25E9DA81-24E3-555E-E063-4704A8C066F2,1088899,2026-06-19,PROXY:open-data-hedonic-OLS,false
1EAE3DF6-C3DE-9EB1-E063-4704A8C09D02,621198,2026-06-19,PROXY:open-data-hedonic-OLS,false
25E9DA81-201C-555E-E063-4704A8C066F2,868694,2026-06-19,PROXY:open-data-hedonic-OLS,false
1EAE3DF6-C84C-9EB1-E063-4704A8C09D02,688723,2026-06-19,PROXY:open-data-hedonic-OLS,false
237B17FE-3A40-22AC-E063-4804A8C0EA3A,1155941,2026-06-19,PROXY:open-data-hedonic-OLS,false
25E9DA81-1F3D-555E-E063-4704A8C066F2,923528,2026-06-19,PROXY:open-data-hedonic-OLS,false
2859C1AC-366B-52B4-E063-4804A8C05948,856247,2026-06-19,PROXY:open-data-hedonic-OLS,false
2131FCF6-4104-86E8-E063-4804A8C0372B,1338872,2026-06-19,PROXY:open-data-hedonic-OLS,false
25E9DA80-5CBB-555E-E063-4704A8C066F2,858356,2026-06-19,PROXY:open-data-hedonic-OLS,false
25E9DA81-241F-555E-E063-4704A8C066F2,1078944,2026-06-19,PROXY:open-data-hedonic-OLS,false
2ACACE8C-89B4-295E-E063-4804A8C0B0EB,1254975,2026-06-19,PROXY:open-data-hedonic-OLS,false
25E9DA81-1FAC-555E-E063-4704A8C066F2,1000650,2026-06-19,PROXY:open-data-hedonic-OLS,false
25E9DA80-5755-555E-E063-4704A8C066F2,479364,2026-06-19,PROXY:open-data-hedonic-OLS,false
2D4D7609-3E8C-BDF9-E063-4804A8C0672F,918134,2026-06-19,PROXY:open-data-hedonic-OLS,false
1EAE3DF6-C806-9EB1-E063-4704A8C09D02,831297,2026-06-19,PROXY:open-data-hedonic-OLS,false
2131FCF6-4757-86E8-E063-4804A8C0372B,889667,2026-06-19,PROXY:open-data-hedonic-OLS,false
34222871-E877-4D2B-E063-4704A8C07853,786468,2026-06-19,PROXY:open-data-hedonic-OLS,false
2859C1AB-72D7-52B4-E063-4804A8C05948,779167,2026-06-19,PROXY:open-data-hedonic-OLS,false
25E9DA80-5808-555E-E063-4704A8C066F2,373611,2026-06-19,PROXY:open-data-hedonic-OLS,false
2F7F2B43-42A6-E08F-E063-4804A8C05A49,1193151,2026-06-19,PROXY:open-data-hedonic-OLS,false
2131FCF6-4245-86E8-E063-4804A8C0372B,919342,2026-06-19,PROXY:open-data-hedonic-OLS,false
25E9DA81-20B6-555E-E063-4704A8C066F2,1035864,2026-06-19,PROXY:open-data-hedonic-OLS,false
2131FCF6-41B5-86E8-E063-4804A8C0372B,962867,2026-06-19,PROXY:open-data-hedonic-OLS,false
2131FCF6-4748-86E8-E063-4804A8C0372B,831758,2026-06-19,PROXY:open-data-hedonic-OLS,false
2859C1AC-3E59-52B4-E063-4804A8C05948,1256689,2026-06-19,PROXY:open-data-hedonic-OLS,false
2D4D7609-E56E-BDF9-E063-4804A8C0672F,412980,2026-06-19,PROXY:open-data-hedonic-OLS,false
2D4D7609-E56F-BDF9-E063-4804A8C0672F,410475,2026-06-19,PROXY:open-data-hedonic-OLS,false
31C68072-5A32-FEE3-E063-4804A8C04F37,821101,2026-06-19,PROXY:open-data-hedonic-OLS,false
2131FCF6-44AB-86E8-E063-4804A8C0372B,382518,2026-06-19,PROXY:open-data-hedonic-OLS,false
2131FCF6-4629-86E8-E063-4804A8C0372B,1143167,2026-06-19,PROXY:open-data-hedonic-OLS,false
2131FCF6-BE93-86E8-E063-4804A8C0372B,462178,2026-06-19,PROXY:open-data-hedonic-OLS,false
2131FCF6-4206-86E8-E063-4804A8C0372B,734137,2026-06-19,PROXY:open-data-hedonic-OLS,false
31C68071-B028-FEE3-E063-4804A8C04F37,1030613,2026-06-19,PROXY:open-data-hedonic-OLS,false
2859C1AC-3626-52B4-E063-4804A8C05948,1073680,2026-06-19,PROXY:open-data-hedonic-OLS,false
36A61A94-3CAB-DEF2-E063-4704A8C046AE,483815,2026-06-19,PROXY:open-data-hedonic-OLS,false
31C68072-565E-FEE3-E063-4804A8C04F37,724956,2026-06-19,PROXY:open-data-hedonic-OLS,false
31C68072-574C-FEE3-E063-4804A8C04F37,1048022,2026-06-19,PROXY:open-data-hedonic-OLS,false
2D4D7608-906E-BDF9-E063-4804A8C0672F,695332,2026-06-19,PROXY:open-data-hedonic-OLS,false
237B17FE-3B36-22AC-E063-4804A8C0EA3A,1136877,2026-06-19,PROXY:open-data-hedonic-OLS,false
237B17FE-3A01-22AC-E063-4804A8C0EA3A,1018119,2026-06-19,PROXY:open-data-hedonic-OLS,false
237B17FE-3A7F-22AC-E063-4804A8C0EA3A,887564,2026-06-19,PROXY:open-data-hedonic-OLS,false
34222872-9383-4D2B-E063-4704A8C07853,858762,2026-06-19,PROXY:open-data-hedonic-OLS,false
2131FCF5-A815-86E8-E063-4804A8C0372B,419278,2026-06-19,PROXY:open-data-hedonic-OLS,false
2859C1AC-3B67-52B4-E063-4804A8C05948,928258,2026-06-19,PROXY:open-data-hedonic-OLS,false
34222872-8CA7-4D2B-E063-4704A8C07853,862083,2026-06-19,PROXY:open-data-hedonic-OLS,false
237B17FE-3A98-22AC-E063-4804A8C0EA3A,839615,2026-06-19,PROXY:open-data-hedonic-OLS,false
34222872-AC52-4D2B-E063-4704A8C07853,998967,2026-06-19,PROXY:open-data-hedonic-OLS,false
2859C1AC-3AC0-52B4-E063-4804A8C05948,399793,2026-06-19,PROXY:open-data-hedonic-OLS,false
2131FCF6-4120-86E8-E063-4804A8C0372B,947727,2026-06-19,PROXY:open-data-hedonic-OLS,false
2ACACE8D-0ED0-295E-E063-4804A8C0B0EB,1659365,2026-06-19,PROXY:open-data-hedonic-OLS,false
34222871-EBCE-4D2B-E063-4704A8C07853,437080,2026-06-19,PROXY:open-data-hedonic-OLS,false
34222871-E698-4D2B-E063-4704A8C07853,1156489,2026-06-19,PROXY:open-data-hedonic-OLS,false
38EDC0C2-9770-0F63-E063-4704A8C00424,915422,2026-06-19,PROXY:open-data-hedonic-OLS,false
2131FCF6-4162-86E8-E063-4804A8C0372B,1010711,2026-06-19,PROXY:open-data-hedonic-OLS,false
2ACACE8D-12B0-295E-E063-4804A8C0B0EB,1428459,2026-06-19,PROXY:open-data-hedonic-OLS,false
2F7F2B43-4345-E08F-E063-4804A8C05A49,998096,2026-06-19,PROXY:open-data-hedonic-OLS,false
2D4D7609-3AD6-BDF9-E063-4804A8C0672F,1246171,2026-06-19,PROXY:open-data-hedonic-OLS,false
2ACACE8D-125F-295E-E063-4804A8C0B0EB,784354,2026-06-19,PROXY:open-data-hedonic-OLS,false
2D4D7609-3EC8-BDF9-E063-4804A8C0672F,1130110,2026-06-19,PROXY:open-data-hedonic-OLS,false
237B17FE-3A17-22AC-E063-4804A8C0EA3A,1265656,2026-06-19,PROXY:open-data-hedonic-OLS,false
237B17FD-91A1-22AC-E063-4804A8C0EA3A,439364,2026-06-19,PROXY:open-data-hedonic-OLS,false
44F406B7-431D-1095-E063-4704A8C048D4,505185,2026-06-19,PROXY:open-data-hedonic-OLS,false
237B17FE-39DA-22AC-E063-4804A8C0EA3A,770349,2026-06-19,PROXY:open-data-hedonic-OLS,false
237B17FE-3AB1-22AC-E063-4804A8C0EA3A,936719,2026-06-19,PROXY:open-data-hedonic-OLS,false
237B17FE-3E56-22AC-E063-4804A8C0EA3A,1258541,2026-06-19,PROXY:open-data-hedonic-OLS,false
2D4D7609-3E58-BDF9-E063-4804A8C0672F,938989,2026-06-19,PROXY:open-data-hedonic-OLS,false
2D4D7608-8FE2-BDF9-E063-4804A8C0672F,563992,2026-06-19,PROXY:open-data-hedonic-OLS,false
237B17FE-3A8A-22AC-E063-4804A8C0EA3A,1377164,2026-06-19,PROXY:open-data-hedonic-OLS,false
237B17FE-3B03-22AC-E063-4804A8C0EA3A,988693,2026-06-19,PROXY:open-data-hedonic-OLS,false
25E9DA81-1FCA-555E-E063-4704A8C066F2,1473483,2026-06-19,PROXY:open-data-hedonic-OLS,false
2D4D7609-3B10-BDF9-E063-4804A8C0672F,1091807,2026-06-19,PROXY:open-data-hedonic-OLS,false
2D4D7609-3DEC-BDF9-E063-4804A8C0672F,1133245,2026-06-19,PROXY:open-data-hedonic-OLS,false
237B17FE-3A2E-22AC-E063-4804A8C0EA3A,914259,2026-06-19,PROXY:open-data-hedonic-OLS,false
3DCCB7C9-9551-5B9D-E063-4704A8C0331E,916433,2026-06-19,PROXY:open-data-hedonic-OLS,false
2D4D7609-3B57-BDF9-E063-4804A8C0672F,1067896,2026-06-19,PROXY:open-data-hedonic-OLS,false
42C129E4-29D5-60A9-E063-4804A8C0C25D,325227,2026-06-19,PROXY:open-data-hedonic-OLS,false
2D4D7609-3EA1-BDF9-E063-4804A8C0672F,1078838,2026-06-19,PROXY:open-data-hedonic-OLS,false
2F7F2B42-9FCD-E08F-E063-4804A8C05A49,717819,2026-06-19,PROXY:open-data-hedonic-OLS,false
2D4D7609-3A52-BDF9-E063-4804A8C0672F,962653,2026-06-19,PROXY:open-data-hedonic-OLS,false
237B17FE-3DDA-22AC-E063-4804A8C0EA3A,1677963,2026-06-19,PROXY:open-data-hedonic-OLS,false
237B17FE-3A8E-22AC-E063-4804A8C0EA3A,790872,2026-06-19,PROXY:open-data-hedonic-OLS,false
25E9DA80-5C55-555E-E063-4704A8C066F2,366416,2026-06-19,PROXY:open-data-hedonic-OLS,false
25E9DA81-281E-555E-E063-4704A8C066F2,937745,2026-06-19,PROXY:open-data-hedonic-OLS,false
2D4D7609-3A82-BDF9-E063-4804A8C0672F,1196187,2026-06-19,PROXY:open-data-hedonic-OLS,false
2ACACE8D-0E1B-295E-E063-4804A8C0B0EB,832201,2026-06-19,PROXY:open-data-hedonic-OLS,false
25E9DA80-5715-555E-E063-4704A8C066F2,872068,2026-06-19,PROXY:open-data-hedonic-OLS,false
25E9DA81-244C-555E-E063-4704A8C066F2,853895,2026-06-19,PROXY:open-data-hedonic-OLS,false
2D4D7609-3A31-BDF9-E063-4804A8C0672F,1074486,2026-06-19,PROXY:open-data-hedonic-OLS,false
3DCCB7CA-2D7C-5B9D-E063-4704A8C0331E,1109380,2026-06-19,PROXY:open-data-hedonic-OLS,false
237B17FD-985E-22AC-E063-4804A8C0EA3A,900395,2026-06-19,PROXY:open-data-hedonic-OLS,false
2D4D7609-39A4-BDF9-E063-4804A8C0672F,1762999,2026-06-19,PROXY:open-data-hedonic-OLS,false
25E9DA81-2569-555E-E063-4704A8C066F2,378747,2026-06-19,PROXY:open-data-hedonic-OLS,false
25E9DA80-5CE4-555E-E063-4704A8C066F2,417982,2026-06-19,PROXY:open-data-hedonic-OLS,false
25E9DA80-58A3-555E-E063-4704A8C066F2,450600,2026-06-19,PROXY:open-data-hedonic-OLS,false
2F7F2B42-9F4D-E08F-E063-4804A8C05A49,1615730,2026-06-19,PROXY:open-data-hedonic-OLS,false
2F7F2B42-A2C6-E08F-E063-4804A8C05A49,593058,2026-06-19,PROXY:open-data-hedonic-OLS,false
36A61A94-C93D-DEF2-E063-4704A8C046AE,1226047,2026-06-19,PROXY:open-data-hedonic-OLS,false
25E9DA81-1F9D-555E-E063-4704A8C066F2,1311210,2026-06-19,PROXY:open-data-hedonic-OLS,false
25E9DA81-1EEC-555E-E063-4704A8C066F2,841845,2026-06-19,PROXY:open-data-hedonic-OLS,false
34222872-8BCC-4D2B-E063-4704A8C07853,1190690,2026-06-19,PROXY:open-data-hedonic-OLS,false
31C68072-569F-FEE3-E063-4804A8C04F37,1180302,2026-06-19,PROXY:open-data-hedonic-OLS,false
25E9DA80-5C98-555E-E063-4704A8C066F2,1098826,2026-06-19,PROXY:open-data-hedonic-OLS,false
3DCCB7CA-2D14-5B9D-E063-4704A8C0331E,791824,2026-06-19,PROXY:open-data-hedonic-OLS,false
25E9DA81-2058-555E-E063-4704A8C066F2,995068,2026-06-19,PROXY:open-data-hedonic-OLS,false
2859C1AB-7471-52B4-E063-4804A8C05948,528169,2026-06-19,PROXY:open-data-hedonic-OLS,false
2F7F2B42-9E1C-E08F-E063-4804A8C05A49,331348,2026-06-19,PROXY:open-data-hedonic-OLS,false
3B5CE841-6391-EE3A-E063-4804A8C0D6F1,917715,2026-06-19,PROXY:open-data-hedonic-OLS,false
3DCCB7CA-3099-5B9D-E063-4704A8C0331E,928827,2026-06-19,PROXY:open-data-hedonic-OLS,false
42C129E4-29EA-60A9-E063-4804A8C0C25D,577925,2026-06-19,PROXY:open-data-hedonic-OLS,false
2D4D7609-3A4B-BDF9-E063-4804A8C0672F,980645,2026-06-19,PROXY:open-data-hedonic-OLS,false
402A3A65-7739-A7DF-E063-4804A8C0B80D,917516,2026-06-19,PROXY:open-data-hedonic-OLS,false
3B5CE841-FD90-EE3A-E063-4804A8C0D6F1,1204109,2026-06-19,PROXY:open-data-hedonic-OLS,false
3B5CE841-638C-EE3A-E063-4804A8C0D6F1,914120,2026-06-19,PROXY:open-data-hedonic-OLS,false
3B5CE841-6378-EE3A-E063-4804A8C0D6F1,917690,2026-06-19,PROXY:open-data-hedonic-OLS,false
3B5CE841-637A-EE3A-E063-4804A8C0D6F1,917807,2026-06-19,PROXY:open-data-hedonic-OLS,false
2F7F2B43-4355-E08F-E063-4804A8C05A49,897855,2026-06-19,PROXY:open-data-hedonic-OLS,false
25E9DA81-2017-555E-E063-4704A8C066F2,399267,2026-06-19,PROXY:open-data-hedonic-OLS,false
31C68071-B2DD-FEE3-E063-4804A8C04F37,763790,2026-06-19,PROXY:open-data-hedonic-OLS,false
25E9DA81-2550-555E-E063-4704A8C066F2,366289,2026-06-19,PROXY:open-data-hedonic-OLS,false
2F7F2B43-3F60-E08F-E063-4804A8C05A49,964110,2026-06-19,PROXY:open-data-hedonic-OLS,false
25E9DA81-24C8-555E-E063-4704A8C066F2,899244,2026-06-19,PROXY:open-data-hedonic-OLS,false
2ACACE8D-0E13-295E-E063-4804A8C0B0EB,1345064,2026-06-19,PROXY:open-data-hedonic-OLS,false
2859C1AB-746D-52B4-E063-4804A8C05948,838236,2026-06-19,PROXY:open-data-hedonic-OLS,false
402A3A65-775E-A7DF-E063-4804A8C0B80D,901013,2026-06-19,PROXY:open-data-hedonic-OLS,false
31C68072-568F-FEE3-E063-4804A8C04F37,858284,2026-06-19,PROXY:open-data-hedonic-OLS,false
50D10B83-B27B-B8D0-E063-4704A8C08D98,988901,2026-06-19,PROXY:open-data-hedonic-OLS,false
31C68072-56C3-FEE3-E063-4804A8C04F37,981007,2026-06-19,PROXY:open-data-hedonic-OLS,false
2ACACE8D-0E5C-295E-E063-4804A8C0B0EB,890622,2026-06-19,PROXY:open-data-hedonic-OLS,false
2859C1AB-7802-52B4-E063-4804A8C05948,816097,2026-06-19,PROXY:open-data-hedonic-OLS,false
2859C1AB-7153-52B4-E063-4804A8C05948,748718,2026-06-19,PROXY:open-data-hedonic-OLS,false
2ACACE8C-8531-295E-E063-4804A8C0B0EB,988158,2026-06-19,PROXY:open-data-hedonic-OLS,false
42C129E5-68C6-60A9-E063-4804A8C0C25D,515459,2026-06-19,PROXY:open-data-hedonic-OLS,false
2F7F2B43-3E73-E08F-E063-4804A8C05A49,1018076,2026-06-19,PROXY:open-data-hedonic-OLS,false
2859C1AC-3726-52B4-E063-4804A8C05948,964629,2026-06-19,PROXY:open-data-hedonic-OLS,false
3B5CE841-63B6-EE3A-E063-4804A8C0D6F1,917453,2026-06-19,PROXY:open-data-hedonic-OLS,false
25E9DA81-245E-555E-E063-4704A8C066F2,997475,2026-06-19,PROXY:open-data-hedonic-OLS,false
2859C1AB-7128-52B4-E063-4804A8C05948,792015,2026-06-19,PROXY:open-data-hedonic-OLS,false
2859C1AB-740A-52B4-E063-4804A8C05948,814549,2026-06-19,PROXY:open-data-hedonic-OLS,false
34222871-EA2C-4D2B-E063-4704A8C07853,937716,2026-06-19,PROXY:open-data-hedonic-OLS,false
3B5CE841-63BB-EE3A-E063-4804A8C0D6F1,972916,2026-06-19,PROXY:open-data-hedonic-OLS,false
3B5CE841-63C0-EE3A-E063-4804A8C0D6F1,919555,2026-06-19,PROXY:open-data-hedonic-OLS,false
3B5CE842-7E4C-EE3A-E063-4804A8C0D6F1,920140,2026-06-19,PROXY:open-data-hedonic-OLS,false
3DCCB7C9-95E2-5B9D-E063-4704A8C0331E,919292,2026-06-19,PROXY:open-data-hedonic-OLS,false
2D4D7608-8FD7-BDF9-E063-4804A8C0672F,1109771,2026-06-19,PROXY:open-data-hedonic-OLS,false
2859C1AC-3C07-52B4-E063-4804A8C05948,641131,2026-06-19,PROXY:open-data-hedonic-OLS,false
2ACACE8D-0D93-295E-E063-4804A8C0B0EB,1431619,2026-06-19,PROXY:open-data-hedonic-OLS,false
31C68072-5B85-FEE3-E063-4804A8C04F37,1000351,2026-06-19,PROXY:open-data-hedonic-OLS,false
36A61A94-3F14-DEF2-E063-4704A8C046AE,375347,2026-06-19,PROXY:open-data-hedonic-OLS,false
2D4D7609-3F30-BDF9-E063-4804A8C0672F,437000,2026-06-19,PROXY:open-data-hedonic-OLS,false
2859C1AC-FD6D-52B4-E063-4804A8C05948,435933,2026-06-19,PROXY:open-data-hedonic-OLS,false
402A3A66-2615-A7DF-E063-4804A8C0B80D,435111,2026-06-19,PROXY:open-data-hedonic-OLS,false
2859C1AC-36AD-52B4-E063-4804A8C05948,1102261,2026-06-19,PROXY:open-data-hedonic-OLS,false
402A3A66-2255-A7DF-E063-4804A8C0B80D,688149,2026-06-19,PROXY:open-data-hedonic-OLS,false
2ACACE8C-8746-295E-E063-4804A8C0B0EB,451236,2026-06-19,PROXY:open-data-hedonic-OLS,false
2ACACE8D-115D-295E-E063-4804A8C0B0EB,848925,2026-06-19,PROXY:open-data-hedonic-OLS,false
2D4D7608-915A-BDF9-E063-4804A8C0672F,519007,2026-06-19,PROXY:open-data-hedonic-OLS,false
2859C1AB-709F-52B4-E063-4804A8C05948,327698,2026-06-19,PROXY:open-data-hedonic-OLS,false
2859C1AC-3D36-52B4-E063-4804A8C05948,768572,2026-06-19,PROXY:open-data-hedonic-OLS,false
31C68072-5BC3-FEE3-E063-4804A8C04F37,1148262,2026-06-19,PROXY:open-data-hedonic-OLS,false
2ACACE8D-1183-295E-E063-4804A8C0B0EB,756843,2026-06-19,PROXY:open-data-hedonic-OLS,false
2859C1AB-739B-52B4-E063-4804A8C05948,946553,2026-06-19,PROXY:open-data-hedonic-OLS,false
42C129E4-DDC2-60A9-E063-4804A8C0C25D,399078,2026-06-19,PROXY:open-data-hedonic-OLS,false
3B5CE841-63C9-EE3A-E063-4804A8C0D6F1,919276,2026-06-19,PROXY:open-data-hedonic-OLS,false
42C129E4-DAB9-60A9-E063-4804A8C0C25D,888663,2026-06-19,PROXY:open-data-hedonic-OLS,false
3B5CE841-63C5-EE3A-E063-4804A8C0D6F1,919428,2026-06-19,PROXY:open-data-hedonic-OLS,false
3B5CE841-63C8-EE3A-E063-4804A8C0D6F1,919333,2026-06-19,PROXY:open-data-hedonic-OLS,false
36A61A94-C9BB-DEF2-E063-4704A8C046AE,883553,2026-06-19,PROXY:open-data-hedonic-OLS,false
36A61A94-3BE5-DEF2-E063-4704A8C046AE,1180358,2026-06-19,PROXY:open-data-hedonic-OLS,false
2ACACE8D-11C3-295E-E063-4804A8C0B0EB,817217,2026-06-19,PROXY:open-data-hedonic-OLS,false
2ACACE8D-0E9E-295E-E063-4804A8C0B0EB,1106301,2026-06-19,PROXY:open-data-hedonic-OLS,false
36A61A94-C91D-DEF2-E063-4704A8C046AE,981962,2026-06-19,PROXY:open-data-hedonic-OLS,false
34222872-8C8D-4D2B-E063-4704A8C07853,938523,2026-06-19,PROXY:open-data-hedonic-OLS,false
2ACACE8C-865E-295E-E063-4804A8C0B0EB,396433,2026-06-19,PROXY:open-data-hedonic-OLS,false
2D4D7609-39D4-BDF9-E063-4804A8C0672F,1344154,2026-06-19,PROXY:open-data-hedonic-OLS,false
31C68072-59E5-FEE3-E063-4804A8C04F37,970249,2026-06-19,PROXY:open-data-hedonic-OLS,false
3DCCB7C9-95C5-5B9D-E063-4704A8C0331E,979548,2026-06-19,PROXY:open-data-hedonic-OLS,false
3DCCB7C9-95DD-5B9D-E063-4704A8C0331E,919300,2026-06-19,PROXY:open-data-hedonic-OLS,false
2D4D7609-3B35-BDF9-E063-4804A8C0672F,998952,2026-06-19,PROXY:open-data-hedonic-OLS,false
2D4D7609-3E93-BDF9-E063-4804A8C0672F,781208,2026-06-19,PROXY:open-data-hedonic-OLS,false
2F7F2B43-3E7D-E08F-E063-4804A8C05A49,1449830,2026-06-19,PROXY:open-data-hedonic-OLS,false
2ACACE8D-0E2F-295E-E063-4804A8C0B0EB,927999,2026-06-19,PROXY:open-data-hedonic-OLS,false
3B5CE841-63D7-EE3A-E063-4804A8C0D6F1,920871,2026-06-19,PROXY:open-data-hedonic-OLS,false
2D4D7608-8F54-BDF9-E063-4804A8C0672F,1434631,2026-06-19,PROXY:open-data-hedonic-OLS,false
50D10B84-3B64-B8D0-E063-4704A8C08D98,833447,2026-06-19,PROXY:open-data-hedonic-OLS,false
2F7F2B43-3E8E-E08F-E063-4804A8C05A49,881344,2026-06-19,PROXY:open-data-hedonic-OLS,false
36A61A94-CC97-DEF2-E063-4704A8C046AE,813841,2026-06-19,PROXY:open-data-hedonic-OLS,false
2D4D7608-8FE8-BDF9-E063-4804A8C0672F,376826,2026-06-19,PROXY:open-data-hedonic-OLS,false
42C129E4-DA73-60A9-E063-4804A8C0C25D,1233933,2026-06-19,PROXY:open-data-hedonic-OLS,false
2D4D7609-3EF7-BDF9-E063-4804A8C0672F,1288772,2026-06-19,PROXY:open-data-hedonic-OLS,false
38EDC0C2-95F7-0F63-E063-4704A8C00424,342929,2026-06-19,PROXY:open-data-hedonic-OLS,false
2ACACE8D-0DEB-295E-E063-4804A8C0B0EB,704558,2026-06-19,PROXY:open-data-hedonic-OLS,false
402A3A66-CD73-A7DF-E063-4804A8C0B80D,349749,2026-06-19,PROXY:open-data-hedonic-OLS,false
42C129E4-DED5-60A9-E063-4804A8C0C25D,1300147,2026-06-19,PROXY:open-data-hedonic-OLS,false
2D4D7609-39EF-BDF9-E063-4804A8C0672F,887755,2026-06-19,PROXY:open-data-hedonic-OLS,false
2ACACE8C-86C5-295E-E063-4804A8C0B0EB,346033,2026-06-19,PROXY:open-data-hedonic-OLS,false
44F406B6-1542-1095-E063-4704A8C048D4,912459,2026-06-19,PROXY:open-data-hedonic-OLS,false
2ACACE8D-0E72-295E-E063-4804A8C0B0EB,881632,2026-06-19,PROXY:open-data-hedonic-OLS,false
34222872-914A-4D2B-E063-4704A8C07853,1403728,2026-06-19,PROXY:open-data-hedonic-OLS,false
42C129E5-6989-60A9-E063-4804A8C0C25D,327465,2026-06-19,PROXY:open-data-hedonic-OLS,false
2D4D7609-39AB-BDF9-E063-4804A8C0672F,1582957,2026-06-19,PROXY:open-data-hedonic-OLS,false
44F406B7-207A-1095-E063-4704A8C048D4,375480,2026-06-19,PROXY:open-data-hedonic-OLS,false
3DCCB7C9-960D-5B9D-E063-4704A8C0331E,921617,2026-06-19,PROXY:open-data-hedonic-OLS,false
2D4D7608-9029-BDF9-E063-4804A8C0672F,1488111,2026-06-19,PROXY:open-data-hedonic-OLS,false
2D4D7609-3F2E-BDF9-E063-4804A8C0672F,349735,2026-06-19,PROXY:open-data-hedonic-OLS,false
49E87C31-88CF-591C-E063-4704A8C00C31,519949,2026-06-19,PROXY:open-data-hedonic-OLS,false
4C1B673E-CE12-D8EA-E063-4704A8C0BF7D,528098,2026-06-19,PROXY:open-data-hedonic-OLS,false
2D4D7608-8EE0-BDF9-E063-4804A8C0672F,336530,2026-06-19,PROXY:open-data-hedonic-OLS,false
2D4D7609-3EB3-BDF9-E063-4804A8C0672F,781499,2026-06-19,PROXY:open-data-hedonic-OLS,false
3DCCB7CA-A53D-5B9D-E063-4704A8C0331E,963741,2026-06-19,PROXY:open-data-hedonic-OLS,false
3B5CE841-FF2B-EE3A-E063-4804A8C0D6F1,993730,2026-06-19,PROXY:open-data-hedonic-OLS,false
38EDC0C3-2577-0F63-E063-4704A8C00424,1585112,2026-06-19,PROXY:open-data-hedonic-OLS,false
2D4D7609-3FF8-BDF9-E063-4804A8C0672F,663230,2026-06-19,PROXY:open-data-hedonic-OLS,false
2F7F2B42-9FAB-E08F-E063-4804A8C05A49,465311,2026-06-19,PROXY:open-data-hedonic-OLS,false
2D4D7609-3A7B-BDF9-E063-4804A8C0672F,909445,2026-06-19,PROXY:open-data-hedonic-OLS,false
2F7F2B43-3FA9-E08F-E063-4804A8C05A49,916902,2026-06-19,PROXY:open-data-hedonic-OLS,false
2F7F2B43-4318-E08F-E063-4804A8C05A49,865029,2026-06-19,PROXY:open-data-hedonic-OLS,false
38EDC0C3-20FC-0F63-E063-4704A8C00424,1253446,2026-06-19,PROXY:open-data-hedonic-OLS,false
2D4D7609-3E83-BDF9-E063-4804A8C0672F,933862,2026-06-19,PROXY:open-data-hedonic-OLS,false
49E87C32-B63E-591C-E063-4704A8C00C31,579083,2026-06-19,PROXY:open-data-hedonic-OLS,false
4777E0AF-7623-5D59-E063-4804A8C09F8E,592989,2026-06-19,PROXY:open-data-hedonic-OLS,false
2F7F2B43-4423-E08F-E063-4804A8C05A49,436845,2026-06-19,PROXY:open-data-hedonic-OLS,false
2F7F2B43-441D-E08F-E063-4804A8C05A49,912525,2026-06-19,PROXY:open-data-hedonic-OLS,false
31C68071-B085-FEE3-E063-4804A8C04F37,474347,2026-06-19,PROXY:open-data-hedonic-OLS,false
2F7F2B43-42FE-E08F-E063-4804A8C05A49,900418,2026-06-19,PROXY:open-data-hedonic-OLS,false
38EDC0C2-9405-0F63-E063-4704A8C00424,381765,2026-06-19,PROXY:open-data-hedonic-OLS,false
3B5CE841-FE34-EE3A-E063-4804A8C0D6F1,996832,2026-06-19,PROXY:open-data-hedonic-OLS,false
2F7F2B43-42A4-E08F-E063-4804A8C05A49,402860,2026-06-19,PROXY:open-data-hedonic-OLS,false
44F406B6-1612-1095-E063-4704A8C048D4,922540,2026-06-19,PROXY:open-data-hedonic-OLS,false
38EDC0C2-940E-0F63-E063-4704A8C00424,490675,2026-06-19,PROXY:open-data-hedonic-OLS,false
402A3A66-20B4-A7DF-E063-4804A8C0B80D,1196452,2026-06-19,PROXY:open-data-hedonic-OLS,false
2F7F2B43-435C-E08F-E063-4804A8C05A49,994270,2026-06-19,PROXY:open-data-hedonic-OLS,false
31C68072-5BB1-FEE3-E063-4804A8C04F37,609690,2026-06-19,PROXY:open-data-hedonic-OLS,false
2F7F2B42-9EFD-E08F-E063-4804A8C05A49,372621,2026-06-19,PROXY:open-data-hedonic-OLS,false
3B5CE842-021D-EE3A-E063-4804A8C0D6F1,1349371,2026-06-19,PROXY:open-data-hedonic-OLS,false
2F7F2B42-9FBE-E08F-E063-4804A8C05A49,984236,2026-06-19,PROXY:open-data-hedonic-OLS,false
3B5CE841-FE22-EE3A-E063-4804A8C0D6F1,1183915,2026-06-19,PROXY:open-data-hedonic-OLS,false
36A61A94-C8E7-DEF2-E063-4704A8C046AE,1607425,2026-06-19,PROXY:open-data-hedonic-OLS,false
3B5CE841-FE60-EE3A-E063-4804A8C0D6F1,947753,2026-06-19,PROXY:open-data-hedonic-OLS,false
2F7F2B43-3FA6-E08F-E063-4804A8C05A49,817084,2026-06-19,PROXY:open-data-hedonic-OLS,false
3B5CE842-01B4-EE3A-E063-4804A8C0D6F1,996032,2026-06-19,PROXY:open-data-hedonic-OLS,false
49E87C31-87C4-591C-E063-4704A8C00C31,917084,2026-06-19,PROXY:open-data-hedonic-OLS,false
31C68072-5B98-FEE3-E063-4804A8C04F37,313443,2026-06-19,PROXY:open-data-hedonic-OLS,false
3B5CE841-60FA-EE3A-E063-4804A8C0D6F1,652834,2026-06-19,PROXY:open-data-hedonic-OLS,false
402A3A66-25C1-A7DF-E063-4804A8C0B80D,1203591,2026-06-19,PROXY:open-data-hedonic-OLS,false
2F7F2B43-3ECF-E08F-E063-4804A8C05A49,844379,2026-06-19,PROXY:open-data-hedonic-OLS,false
3B5CE841-FE49-EE3A-E063-4804A8C0D6F1,763777,2026-06-19,PROXY:open-data-hedonic-OLS,false
31C68072-5713-FEE3-E063-4804A8C04F37,723193,2026-06-19,PROXY:open-data-hedonic-OLS,false
34222872-9160-4D2B-E063-4704A8C07853,413977,2026-06-19,PROXY:open-data-hedonic-OLS,false
3B5CE842-0390-EE3A-E063-4804A8C0D6F1,1104559,2026-06-19,PROXY:open-data-hedonic-OLS,false
3B5CE842-02E5-EE3A-E063-4804A8C0D6F1,705856,2026-06-19,PROXY:open-data-hedonic-OLS,false
31C68072-5BBD-FEE3-E063-4804A8C04F37,837177,2026-06-19,PROXY:open-data-hedonic-OLS,false
402A3A65-7578-A7DF-E063-4804A8C0B80D,388389,2026-06-19,PROXY:open-data-hedonic-OLS,false
31C68072-5694-FEE3-E063-4804A8C04F37,862561,2026-06-19,PROXY:open-data-hedonic-OLS,false
3B5CE841-FD74-EE3A-E063-4804A8C0D6F1,1409000,2026-06-19,PROXY:open-data-hedonic-OLS,false
31C68072-56AD-FEE3-E063-4804A8C04F37,986945,2026-06-19,PROXY:open-data-hedonic-OLS,false
3B5CE841-5FB7-EE3A-E063-4804A8C0D6F1,628684,2026-06-19,PROXY:open-data-hedonic-OLS,false
31C68071-AF94-FEE3-E063-4804A8C04F37,390413,2026-06-19,PROXY:open-data-hedonic-OLS,false
31C68072-56F0-FEE3-E063-4804A8C04F37,1285018,2026-06-19,PROXY:open-data-hedonic-OLS,false
402A3A66-AD46-A7DF-E063-4804A8C0B80D,925882,2026-06-19,PROXY:open-data-hedonic-OLS,false
31C68072-5B52-FEE3-E063-4804A8C04F37,572242,2026-06-19,PROXY:open-data-hedonic-OLS,false
3DCCB7CA-2DE8-5B9D-E063-4704A8C0331E,1183129,2026-06-19,PROXY:open-data-hedonic-OLS,false
31C68071-ADB0-FEE3-E063-4804A8C04F37,433978,2026-06-19,PROXY:open-data-hedonic-OLS,false
44F406B6-119C-1095-E063-4704A8C048D4,351962,2026-06-19,PROXY:open-data-hedonic-OLS,false
34222872-8FC9-4D2B-E063-4704A8C07853,408391,2026-06-19,PROXY:open-data-hedonic-OLS,false
34222871-E6B5-4D2B-E063-4704A8C07853,365468,2026-06-19,PROXY:open-data-hedonic-OLS,false
31C68072-5A69-FEE3-E063-4804A8C04F37,887172,2026-06-19,PROXY:open-data-hedonic-OLS,false
31C68072-5B39-FEE3-E063-4804A8C04F37,288950,2026-06-19,PROXY:open-data-hedonic-OLS,false
38EDC0C3-ADB4-0F63-E063-4704A8C00424,1386931,2026-06-19,PROXY:open-data-hedonic-OLS,false
3B5CE841-FF2F-EE3A-E063-4804A8C0D6F1,999658,2026-06-19,PROXY:open-data-hedonic-OLS,false
31C68071-AFCD-FEE3-E063-4804A8C04F37,425881,2026-06-19,PROXY:open-data-hedonic-OLS,false
31C68072-56A8-FEE3-E063-4804A8C04F37,973429,2026-06-19,PROXY:open-data-hedonic-OLS,false
4E75C29C-C8CA-8922-E063-4804A8C094D0,386531,2026-06-19,PROXY:open-data-hedonic-OLS,false
3DCCB7CA-2D74-5B9D-E063-4704A8C0331E,405404,2026-06-19,PROXY:open-data-hedonic-OLS,false
3DCCB7CA-30CA-5B9D-E063-4704A8C0331E,1404747,2026-06-19,PROXY:open-data-hedonic-OLS,false
31C68072-5A62-FEE3-E063-4804A8C04F37,789550,2026-06-19,PROXY:open-data-hedonic-OLS,false
34222872-8C56-4D2B-E063-4704A8C07853,945253,2026-06-19,PROXY:open-data-hedonic-OLS,false
4C1B673E-CB81-D8EA-E063-4704A8C0BF7D,479382,2026-06-19,PROXY:open-data-hedonic-OLS,false
36A61A94-CC57-DEF2-E063-4704A8C046AE,918374,2026-06-19,PROXY:open-data-hedonic-OLS,false
3DCCB7C9-9366-5B9D-E063-4704A8C0331E,823047,2026-06-19,PROXY:open-data-hedonic-OLS,false
42C129E4-2AF1-60A9-E063-4804A8C0C25D,976943,2026-06-19,PROXY:open-data-hedonic-OLS,false
34222872-8D41-4D2B-E063-4704A8C07853,856140,2026-06-19,PROXY:open-data-hedonic-OLS,false
49E87C31-8908-591C-E063-4704A8C00C31,385853,2026-06-19,PROXY:open-data-hedonic-OLS,false
4C1B673F-6516-D8EA-E063-4704A8C0BF7D,1038186,2026-06-19,PROXY:open-data-hedonic-OLS,false
34222872-909F-4D2B-E063-4704A8C07853,921207,2026-06-19,PROXY:open-data-hedonic-OLS,false
402A3A66-26AC-A7DF-E063-4804A8C0B80D,755383,2026-06-19,PROXY:open-data-hedonic-OLS,false
36A61A94-CBFB-DEF2-E063-4704A8C046AE,770314,2026-06-19,PROXY:open-data-hedonic-OLS,false
34222872-9072-4D2B-E063-4704A8C07853,1098539,2026-06-19,PROXY:open-data-hedonic-OLS,false
4E75C29D-FAED-8922-E063-4804A8C094D0,421580,2026-06-19,PROXY:open-data-hedonic-OLS,false
34222872-8D37-4D2B-E063-4704A8C07853,830888,2026-06-19,PROXY:open-data-hedonic-OLS,false
44F406B6-ABFF-1095-E063-4704A8C048D4,794062,2026-06-19,PROXY:open-data-hedonic-OLS,false
49E87C32-E2C3-591C-E063-4704A8C00C31,259097,2026-06-19,PROXY:open-data-hedonic-OLS,false
3DCCB7C9-9497-5B9D-E063-4704A8C0331E,479561,2026-06-19,PROXY:open-data-hedonic-OLS,false
36A61A94-C9FC-DEF2-E063-4704A8C046AE,850541,2026-06-19,PROXY:open-data-hedonic-OLS,false
42C129E4-2AA5-60A9-E063-4804A8C0C25D,575710,2026-06-19,PROXY:open-data-hedonic-OLS,false
36A61A94-C8E6-DEF2-E063-4704A8C046AE,941461,2026-06-19,PROXY:open-data-hedonic-OLS,false
42C129E4-2AC8-60A9-E063-4804A8C0C25D,574596,2026-06-19,PROXY:open-data-hedonic-OLS,false
34222872-8C7E-4D2B-E063-4704A8C07853,1053461,2026-06-19,PROXY:open-data-hedonic-OLS,false
34222872-9185-4D2B-E063-4704A8C07853,825361,2026-06-19,PROXY:open-data-hedonic-OLS,false
34222871-E70F-4D2B-E063-4704A8C07853,465739,2026-06-19,PROXY:open-data-hedonic-OLS,false
402A3A65-7342-A7DF-E063-4804A8C0B80D,823150,2026-06-19,PROXY:open-data-hedonic-OLS,false
4C1B673E-CF5E-D8EA-E063-4704A8C0BF7D,466496,2026-06-19,PROXY:open-data-hedonic-OLS,false
36A61A94-C9E2-DEF2-E063-4704A8C046AE,869167,2026-06-19,PROXY:open-data-hedonic-OLS,false
402A3A66-2622-A7DF-E063-4804A8C0B80D,948850,2026-06-19,PROXY:open-data-hedonic-OLS,false
4C1B673F-6A80-D8EA-E063-4704A8C0BF7D,374542,2026-06-19,PROXY:open-data-hedonic-OLS,false
402A3A65-735F-A7DF-E063-4804A8C0B80D,374481,2026-06-19,PROXY:open-data-hedonic-OLS,false
42C129E4-26B2-60A9-E063-4804A8C0C25D,362855,2026-06-19,PROXY:open-data-hedonic-OLS,false
34222872-8CD1-4D2B-E063-4704A8C07853,837447,2026-06-19,PROXY:open-data-hedonic-OLS,false
34222871-EA55-4D2B-E063-4704A8C07853,431181,2026-06-19,PROXY:open-data-hedonic-OLS,false
36A61A94-414E-DEF2-E063-4704A8C046AE,946217,2026-06-19,PROXY:open-data-hedonic-OLS,false
34222871-E850-4D2B-E063-4704A8C07853,423562,2026-06-19,PROXY:open-data-hedonic-OLS,false
36A61A94-C925-DEF2-E063-4704A8C046AE,1672989,2026-06-19,PROXY:open-data-hedonic-OLS,false
36A61A94-3C4D-DEF2-E063-4704A8C046AE,1009397,2026-06-19,PROXY:open-data-hedonic-OLS,false
36A61A94-CCB9-DEF2-E063-4704A8C046AE,824811,2026-06-19,PROXY:open-data-hedonic-OLS,false
36A61A94-CC86-DEF2-E063-4704A8C046AE,1042607,2026-06-19,PROXY:open-data-hedonic-OLS,false
4C1B673F-DDEB-D8EA-E063-4704A8C0BF7D,439411,2026-06-19,PROXY:open-data-hedonic-OLS,false
36A61A95-387B-DEF2-E063-4704A8C046AE,553456,2026-06-19,PROXY:open-data-hedonic-OLS,false
4E75C29D-735E-8922-E063-4804A8C094D0,1057141,2026-06-19,PROXY:open-data-hedonic-OLS,false
36A61A94-3C8E-DEF2-E063-4704A8C046AE,1021979,2026-06-19,PROXY:open-data-hedonic-OLS,false
4E75C29C-CB25-8922-E063-4804A8C094D0,551079,2026-06-19,PROXY:open-data-hedonic-OLS,false
38EDC0C3-25F4-0F63-E063-4704A8C00424,1806346,2026-06-19,PROXY:open-data-hedonic-OLS,false
36A61A94-3EEE-DEF2-E063-4704A8C046AE,934005,2026-06-19,PROXY:open-data-hedonic-OLS,false
44F406B6-A938-1095-E063-4704A8C048D4,1091010,2026-06-19,PROXY:open-data-hedonic-OLS,false
36A61A94-C9AC-DEF2-E063-4704A8C046AE,972524,2026-06-19,PROXY:open-data-hedonic-OLS,false
4E75C29C-CB94-8922-E063-4804A8C094D0,549241,2026-06-19,PROXY:open-data-hedonic-OLS,false
42C129E4-2996-60A9-E063-4804A8C0C25D,411813,2026-06-19,PROXY:open-data-hedonic-OLS,false
38EDC0C2-9583-0F63-E063-4704A8C00424,847861,2026-06-19,PROXY:open-data-hedonic-OLS,false
38EDC0C3-2660-0F63-E063-4704A8C00424,470989,2026-06-19,PROXY:open-data-hedonic-OLS,false
36A61A95-38A6-DEF2-E063-4704A8C046AE,404981,2026-06-19,PROXY:open-data-hedonic-OLS,false
4E75C29D-7393-8922-E063-4804A8C094D0,918969,2026-06-19,PROXY:open-data-hedonic-OLS,false
4C1B673E-CD7F-D8EA-E063-4704A8C0BF7D,1177404,2026-06-19,PROXY:open-data-hedonic-OLS,false
42C129E4-286E-60A9-E063-4804A8C0C25D,378659,2026-06-19,PROXY:open-data-hedonic-OLS,false
38EDC0C2-9422-0F63-E063-4704A8C00424,542587,2026-06-19,PROXY:open-data-hedonic-OLS,false
42C129E4-DB0E-60A9-E063-4804A8C0C25D,1498676,2026-06-19,PROXY:open-data-hedonic-OLS,false
38EDC0C3-215D-0F63-E063-4704A8C00424,1153424,2026-06-19,PROXY:open-data-hedonic-OLS,false
42C129E4-D999-60A9-E063-4804A8C0C25D,906097,2026-06-19,PROXY:open-data-hedonic-OLS,false
44F406B6-AC00-1095-E063-4704A8C048D4,946434,2026-06-19,PROXY:open-data-hedonic-OLS,false
38EDC0C3-2166-0F63-E063-4704A8C00424,1181363,2026-06-19,PROXY:open-data-hedonic-OLS,false
44F406B6-A885-1095-E063-4704A8C048D4,1422203,2026-06-19,PROXY:open-data-hedonic-OLS,false
42C129E4-DE92-60A9-E063-4804A8C0C25D,1175045,2026-06-19,PROXY:open-data-hedonic-OLS,false
44F406B6-A8A3-1095-E063-4704A8C048D4,929909,2026-06-19,PROXY:open-data-hedonic-OLS,false
38EDC0C3-2538-0F63-E063-4704A8C00424,877766,2026-06-19,PROXY:open-data-hedonic-OLS,false
38EDC0C3-2427-0F63-E063-4704A8C00424,787210,2026-06-19,PROXY:open-data-hedonic-OLS,false
4E75C29C-C8A8-8922-E063-4804A8C094D0,1171403,2026-06-19,PROXY:open-data-hedonic-OLS,false
42C129E4-DA11-60A9-E063-4804A8C0C25D,1383846,2026-06-19,PROXY:open-data-hedonic-OLS,false
42C129E4-DA81-60A9-E063-4804A8C0C25D,1064862,2026-06-19,PROXY:open-data-hedonic-OLS,false
42C129E4-2600-60A9-E063-4804A8C0C25D,1068965,2026-06-19,PROXY:open-data-hedonic-OLS,false
38EDC0C3-2472-0F63-E063-4704A8C00424,936211,2026-06-19,PROXY:open-data-hedonic-OLS,false
38EDC0C2-93B8-0F63-E063-4704A8C00424,933736,2026-06-19,PROXY:open-data-hedonic-OLS,false
3B5CE841-FE89-EE3A-E063-4804A8C0D6F1,1389515,2026-06-19,PROXY:open-data-hedonic-OLS,false
44F406B6-AD25-1095-E063-4704A8C048D4,1148868,2026-06-19,PROXY:open-data-hedonic-OLS,false
3B5CE841-FEBB-EE3A-E063-4804A8C0D6F1,1021430,2026-06-19,PROXY:open-data-hedonic-OLS,false
4E75C29D-72F5-8922-E063-4804A8C094D0,773926,2026-06-19,PROXY:open-data-hedonic-OLS,false
4777E0AE-F56C-5D59-E063-4804A8C09F8E,779875,2026-06-19,PROXY:open-data-hedonic-OLS,false
38EDC0C2-94A1-0F63-E063-4704A8C00424,331936,2026-06-19,PROXY:open-data-hedonic-OLS,false
42C129E4-D917-60A9-E063-4804A8C0C25D,1037289,2026-06-19,PROXY:open-data-hedonic-OLS,false
38EDC0C3-23F5-0F63-E063-4704A8C00424,907985,2026-06-19,PROXY:open-data-hedonic-OLS,false
44F406B6-1368-1095-E063-4704A8C048D4,1355131,2026-06-19,PROXY:open-data-hedonic-OLS,false
44F406B6-A8A9-1095-E063-4704A8C048D4,1447018,2026-06-19,PROXY:open-data-hedonic-OLS,false
4777E0AE-F238-5D59-E063-4804A8C09F8E,851730,2026-06-19,PROXY:open-data-hedonic-OLS,false
3B5CE841-FF60-EE3A-E063-4804A8C0D6F1,815149,2026-06-19,PROXY:open-data-hedonic-OLS,false
4E75C29D-FAB9-8922-E063-4804A8C094D0,554212,2026-06-19,PROXY:open-data-hedonic-OLS,false
3B5CE841-618E-EE3A-E063-4804A8C0D6F1,775289,2026-06-19,PROXY:open-data-hedonic-OLS,false
3B5CE841-FE65-EE3A-E063-4804A8C0D6F1,862562,2026-06-19,PROXY:open-data-hedonic-OLS,false
44F406B6-A90A-1095-E063-4704A8C048D4,1178801,2026-06-19,PROXY:open-data-hedonic-OLS,false
4777E0AE-F5C3-5D59-E063-4804A8C09F8E,895232,2026-06-19,PROXY:open-data-hedonic-OLS,false
402A3A66-21C0-A7DF-E063-4804A8C0B80D,700559,2026-06-19,PROXY:open-data-hedonic-OLS,false
42C129E5-9104-60A9-E063-4804A8C0C25D,973713,2026-06-19,PROXY:open-data-hedonic-OLS,false
44F406B6-A94A-1095-E063-4704A8C048D4,995609,2026-06-19,PROXY:open-data-hedonic-OLS,false
3B5CE841-FED2-EE3A-E063-4804A8C0D6F1,922406,2026-06-19,PROXY:open-data-hedonic-OLS,false
3B5CE841-643B-EE3A-E063-4804A8C0D6F1,897527,2026-06-19,PROXY:open-data-hedonic-OLS,false
4C1B673E-D01C-D8EA-E063-4704A8C0BF7D,570018,2026-06-19,PROXY:open-data-hedonic-OLS,false
3DCCB7CA-2D13-5B9D-E063-4704A8C0331E,1161770,2026-06-19,PROXY:open-data-hedonic-OLS,false
4777E0AE-4640-5D59-E063-4804A8C09F8E,1165424,2026-06-19,PROXY:open-data-hedonic-OLS,false
3B5CE842-0207-EE3A-E063-4804A8C0D6F1,1153647,2026-06-19,PROXY:open-data-hedonic-OLS,false
3B5CE841-61C7-EE3A-E063-4804A8C0D6F1,668570,2026-06-19,PROXY:open-data-hedonic-OLS,false
3B5CE842-0276-EE3A-E063-4804A8C0D6F1,838518,2026-06-19,PROXY:open-data-hedonic-OLS,false
3B5CE841-60FB-EE3A-E063-4804A8C0D6F1,984966,2026-06-19,PROXY:open-data-hedonic-OLS,false
4E75C29D-72F7-8922-E063-4804A8C094D0,1258510,2026-06-19,PROXY:open-data-hedonic-OLS,false
4777E0AE-F52C-5D59-E063-4804A8C09F8E,421985,2026-06-19,PROXY:open-data-hedonic-OLS,false
3B5CE842-0200-EE3A-E063-4804A8C0D6F1,956026,2026-06-19,PROXY:open-data-hedonic-OLS,false
3B5CE841-FE5A-EE3A-E063-4804A8C0D6F1,909551,2026-06-19,PROXY:open-data-hedonic-OLS,false
4777E0AE-F5CC-5D59-E063-4804A8C09F8E,1074423,2026-06-19,PROXY:open-data-hedonic-OLS,false
3DCCB7C9-9212-5B9D-E063-4704A8C0331E,435560,2026-06-19,PROXY:open-data-hedonic-OLS,false
3DCCB7CA-3169-5B9D-E063-4704A8C0331E,744403,2026-06-19,PROXY:open-data-hedonic-OLS,false
49E87C32-E2D1-591C-E063-4704A8C00C31,352282,2026-06-19,PROXY:open-data-hedonic-OLS,false
402A3A66-21C7-A7DF-E063-4804A8C0B80D,901188,2026-06-19,PROXY:open-data-hedonic-OLS,false
3DCCB7CA-2DCE-5B9D-E063-4704A8C0331E,1030210,2026-06-19,PROXY:open-data-hedonic-OLS,false
3DCCB7C9-93EB-5B9D-E063-4704A8C0331E,771194,2026-06-19,PROXY:open-data-hedonic-OLS,false
3DCCB7C9-96F1-5B9D-E063-4704A8C0331E,978528,2026-06-19,PROXY:open-data-hedonic-OLS,false
3DCCB7CA-318B-5B9D-E063-4704A8C0331E,625906,2026-06-19,PROXY:open-data-hedonic-OLS,false
44F406B7-21DE-1095-E063-4704A8C048D4,519856,2026-06-19,PROXY:open-data-hedonic-OLS,false
44F406B6-161C-1095-E063-4704A8C048D4,434156,2026-06-19,PROXY:open-data-hedonic-OLS,false
3DCCB7CA-2C6B-5B9D-E063-4704A8C0331E,988346,2026-06-19,PROXY:open-data-hedonic-OLS,false
3DCCB7C9-9496-5B9D-E063-4704A8C0331E,603672,2026-06-19,PROXY:open-data-hedonic-OLS,false
3DCCB7CA-3198-5B9D-E063-4704A8C0331E,1056145,2026-06-19,PROXY:open-data-hedonic-OLS,false
402A3A66-21C8-A7DF-E063-4804A8C0B80D,851900,2026-06-19,PROXY:open-data-hedonic-OLS,false
3DCCB7CA-310A-5B9D-E063-4704A8C0331E,892927,2026-06-19,PROXY:open-data-hedonic-OLS,false
3DCCB7CA-2D46-5B9D-E063-4704A8C0331E,1313208,2026-06-19,PROXY:open-data-hedonic-OLS,false
3DCCB7CA-2CA4-5B9D-E063-4704A8C0331E,858731,2026-06-19,PROXY:open-data-hedonic-OLS,false
3DCCB7CA-C454-5B9D-E063-4704A8C0331E,538406,2026-06-19,PROXY:open-data-hedonic-OLS,false
402A3A66-CD9D-A7DF-E063-4804A8C0B80D,538406,2026-06-19,PROXY:open-data-hedonic-OLS,false
3DCCB7CA-334C-5B9D-E063-4704A8C0331E,867597,2026-06-19,PROXY:open-data-hedonic-OLS,false
4777E0AE-F198-5D59-E063-4804A8C09F8E,943568,2026-06-19,PROXY:open-data-hedonic-OLS,false
4E75C29D-73AC-8922-E063-4804A8C094D0,759842,2026-06-19,PROXY:open-data-hedonic-OLS,false
3DCCB7CA-4AE5-5B9D-E063-4704A8C0331E,1257557,2026-06-19,PROXY:open-data-hedonic-OLS,false
3DCCB7CA-3195-5B9D-E063-4704A8C0331E,1402385,2026-06-19,PROXY:open-data-hedonic-OLS,false
3DCCB7CA-2CC1-5B9D-E063-4704A8C0331E,811028,2026-06-19,PROXY:open-data-hedonic-OLS,false
3DCCB7C9-9301-5B9D-E063-4704A8C0331E,1017445,2026-06-19,PROXY:open-data-hedonic-OLS,false
402A3A66-21C5-A7DF-E063-4804A8C0B80D,1313400,2026-06-19,PROXY:open-data-hedonic-OLS,false
402A3A66-262B-A7DF-E063-4804A8C0B80D,886099,2026-06-19,PROXY:open-data-hedonic-OLS,false
49E87C32-2F20-591C-E063-4704A8C00C31,1526333,2026-06-19,PROXY:open-data-hedonic-OLS,false
402A3A66-2268-A7DF-E063-4804A8C0B80D,949474,2026-06-19,PROXY:open-data-hedonic-OLS,false
49E87C32-2FC8-591C-E063-4704A8C00C31,1139662,2026-06-19,PROXY:open-data-hedonic-OLS,false
402A3A65-7672-A7DF-E063-4804A8C0B80D,738259,2026-06-19,PROXY:open-data-hedonic-OLS,false
402A3A66-25BC-A7DF-E063-4804A8C0B80D,1076970,2026-06-19,PROXY:open-data-hedonic-OLS,false
402A3A66-21D2-A7DF-E063-4804A8C0B80D,1053963,2026-06-19,PROXY:open-data-hedonic-OLS,false
4C1B673E-CB8C-D8EA-E063-4704A8C0BF7D,421778,2026-06-19,PROXY:open-data-hedonic-OLS,false
4777E0AE-F0BD-5D59-E063-4804A8C09F8E,1325836,2026-06-19,PROXY:open-data-hedonic-OLS,false
402A3A66-21A0-A7DF-E063-4804A8C0B80D,1223429,2026-06-19,PROXY:open-data-hedonic-OLS,false
402A3A66-229A-A7DF-E063-4804A8C0B80D,648732,2026-06-19,PROXY:open-data-hedonic-OLS,false
49E87C32-355F-591C-E063-4704A8C00C31,1159855,2026-06-19,PROXY:open-data-hedonic-OLS,false
402A3A65-74E4-A7DF-E063-4804A8C0B80D,974116,2026-06-19,PROXY:open-data-hedonic-OLS,false
49E87C31-83B1-591C-E063-4704A8C00C31,378983,2026-06-19,PROXY:open-data-hedonic-OLS,false
402A3A66-28D3-A7DF-E063-4804A8C0B80D,1145309,2026-06-19,PROXY:open-data-hedonic-OLS,false
402A3A66-2261-A7DF-E063-4804A8C0B80D,827263,2026-06-19,PROXY:open-data-hedonic-OLS,false
402A3A66-20FF-A7DF-E063-4804A8C0B80D,1045614,2026-06-19,PROXY:open-data-hedonic-OLS,false
49E87C32-2F8D-591C-E063-4704A8C00C31,1362604,2026-06-19,PROXY:open-data-hedonic-OLS,false
49E87C32-2F86-591C-E063-4704A8C00C31,1186107,2026-06-19,PROXY:open-data-hedonic-OLS,false
402A3A66-2201-A7DF-E063-4804A8C0B80D,1152361,2026-06-19,PROXY:open-data-hedonic-OLS,false
44F406B6-A8FB-1095-E063-4704A8C048D4,993065,2026-06-19,PROXY:open-data-hedonic-OLS,false
402A3A66-CF23-A7DF-E063-4804A8C0B80D,422544,2026-06-19,PROXY:open-data-hedonic-OLS,false
402A3A66-21A4-A7DF-E063-4804A8C0B80D,1702871,2026-06-19,PROXY:open-data-hedonic-OLS,false
49E87C32-2F54-591C-E063-4704A8C00C31,1085736,2026-06-19,PROXY:open-data-hedonic-OLS,false
49E87C32-2EDF-591C-E063-4704A8C00C31,1557018,2026-06-19,PROXY:open-data-hedonic-OLS,false
49E87C32-2FFC-591C-E063-4704A8C00C31,1112061,2026-06-19,PROXY:open-data-hedonic-OLS,false
49E87C32-3012-591C-E063-4704A8C00C31,995364,2026-06-19,PROXY:open-data-hedonic-OLS,false
42C129E4-DA96-60A9-E063-4804A8C0C25D,891889,2026-06-19,PROXY:open-data-hedonic-OLS,false
4C1B673F-6ACC-D8EA-E063-4704A8C0BF7D,1542300,2026-06-19,PROXY:open-data-hedonic-OLS,false
4E75C29D-731B-8922-E063-4804A8C094D0,1053436,2026-06-19,PROXY:open-data-hedonic-OLS,false
42C129E4-D954-60A9-E063-4804A8C0C25D,1355089,2026-06-19,PROXY:open-data-hedonic-OLS,false
42C129E4-261F-60A9-E063-4804A8C0C25D,793123,2026-06-19,PROXY:open-data-hedonic-OLS,false
42C129E4-DFC0-60A9-E063-4804A8C0C25D,540006,2026-06-19,PROXY:open-data-hedonic-OLS,false
42C129E4-DA03-60A9-E063-4804A8C0C25D,1704281,2026-06-19,PROXY:open-data-hedonic-OLS,false
42C129E4-2933-60A9-E063-4804A8C0C25D,577578,2026-06-19,PROXY:open-data-hedonic-OLS,false
42C129E4-D973-60A9-E063-4804A8C0C25D,968096,2026-06-19,PROXY:open-data-hedonic-OLS,false
42C129E4-D974-60A9-E063-4804A8C0C25D,809079,2026-06-19,PROXY:open-data-hedonic-OLS,false
44F406B6-A91E-1095-E063-4704A8C048D4,1480109,2026-06-19,PROXY:open-data-hedonic-OLS,false
4C1B673F-66BD-D8EA-E063-4704A8C0BF7D,1663922,2026-06-19,PROXY:open-data-hedonic-OLS,false
42C129E4-DA9E-60A9-E063-4804A8C0C25D,901622,2026-06-19,PROXY:open-data-hedonic-OLS,false
42C129E4-26BC-60A9-E063-4804A8C0C25D,379134,2026-06-19,PROXY:open-data-hedonic-OLS,false
44F406B6-A951-1095-E063-4704A8C048D4,829355,2026-06-19,PROXY:open-data-hedonic-OLS,false
42C129E4-DA5C-60A9-E063-4804A8C0C25D,409967,2026-06-19,PROXY:open-data-hedonic-OLS,false
4E75C29C-CC78-8922-E063-4804A8C094D0,793697,2026-06-19,PROXY:open-data-hedonic-OLS,false
4E75C29D-72D1-8922-E063-4804A8C094D0,1513796,2026-06-19,PROXY:open-data-hedonic-OLS,false
44F406B6-A82E-1095-E063-4704A8C048D4,931728,2026-06-19,PROXY:open-data-hedonic-OLS,false
4E75C29D-7707-8922-E063-4804A8C094D0,971441,2026-06-19,PROXY:open-data-hedonic-OLS,false
44F406B6-12AF-1095-E063-4704A8C048D4,1162965,2026-06-19,PROXY:open-data-hedonic-OLS,false
4E75C29D-76D1-8922-E063-4804A8C094D0,1122675,2026-06-19,PROXY:open-data-hedonic-OLS,false
42C129E4-DA21-60A9-E063-4804A8C0C25D,956522,2026-06-19,PROXY:open-data-hedonic-OLS,false
4777E0AE-F701-5D59-E063-4804A8C09F8E,717153,2026-06-19,PROXY:open-data-hedonic-OLS,false
44F406B6-12F0-1095-E063-4704A8C048D4,1128482,2026-06-19,PROXY:open-data-hedonic-OLS,false
4E75C29D-78B3-8922-E063-4804A8C094D0,1069997,2026-06-19,PROXY:open-data-hedonic-OLS,false
42C129E5-67F3-60A9-E063-4804A8C0C25D,402198,2026-06-19,PROXY:open-data-hedonic-OLS,false
42C129E4-26ED-60A9-E063-4804A8C0C25D,1085524,2026-06-19,PROXY:open-data-hedonic-OLS,false
49E87C31-88AE-591C-E063-4704A8C00C31,851567,2026-06-19,PROXY:open-data-hedonic-OLS,false
50D10B83-B3EF-B8D0-E063-4704A8C08D98,598920,2026-06-19,PROXY:open-data-hedonic-OLS,false
44F406B6-A828-1095-E063-4704A8C048D4,780360,2026-06-19,PROXY:open-data-hedonic-OLS,false
49E87C32-33D2-591C-E063-4704A8C00C31,1378870,2026-06-19,PROXY:open-data-hedonic-OLS,false
50D10B84-392A-B8D0-E063-4704A8C08D98,902001,2026-06-19,PROXY:open-data-hedonic-OLS,false
44F406B6-A913-1095-E063-4704A8C048D4,660988,2026-06-19,PROXY:open-data-hedonic-OLS,false
44F406B6-11CA-1095-E063-4704A8C048D4,453742,2026-06-19,PROXY:open-data-hedonic-OLS,false
44F406B6-A8DF-1095-E063-4704A8C048D4,853952,2026-06-19,PROXY:open-data-hedonic-OLS,false
44F406B6-A84A-1095-E063-4704A8C048D4,1500981,2026-06-19,PROXY:open-data-hedonic-OLS,false
4777E0AE-F180-5D59-E063-4804A8C09F8E,1368227,2026-06-19,PROXY:open-data-hedonic-OLS,false
4777E0AE-F194-5D59-E063-4804A8C09F8E,1761551,2026-06-19,PROXY:open-data-hedonic-OLS,false
4777E0AF-9AA5-5D59-E063-4804A8C09F8E,750529,2026-06-19,PROXY:open-data-hedonic-OLS,false
44F406B6-11CC-1095-E063-4704A8C048D4,330908,2026-06-19,PROXY:open-data-hedonic-OLS,false
49E87C32-2FBE-591C-E063-4704A8C00C31,414053,2026-06-19,PROXY:open-data-hedonic-OLS,false
50D10B84-3B80-B8D0-E063-4704A8C08D98,997665,2026-06-19,PROXY:open-data-hedonic-OLS,false
4777E0AE-47E0-5D59-E063-4804A8C09F8E,466781,2026-06-19,PROXY:open-data-hedonic-OLS,false
4777E0AE-F704-5D59-E063-4804A8C09F8E,1020806,2026-06-19,PROXY:open-data-hedonic-OLS,false
49E87C31-85A9-591C-E063-4704A8C00C31,401324,2026-06-19,PROXY:open-data-hedonic-OLS,false
4777E0AE-F149-5D59-E063-4804A8C09F8E,978030,2026-06-19,PROXY:open-data-hedonic-OLS,false
4777E0AE-F1B8-5D59-E063-4804A8C09F8E,905333,2026-06-19,PROXY:open-data-hedonic-OLS,false
49E87C31-8526-591C-E063-4704A8C00C31,424991,2026-06-19,PROXY:open-data-hedonic-OLS,false
4777E0AE-F17E-5D59-E063-4804A8C09F8E,1212958,2026-06-19,PROXY:open-data-hedonic-OLS,false
4777E0AE-F54A-5D59-E063-4804A8C09F8E,623761,2026-06-19,PROXY:open-data-hedonic-OLS,false
49E87C31-8436-591C-E063-4704A8C00C31,980885,2026-06-19,PROXY:open-data-hedonic-OLS,false
4777E0AE-F6AD-5D59-E063-4804A8C09F8E,343845,2026-06-19,PROXY:open-data-hedonic-OLS,false
4777E0AE-F52B-5D59-E063-4804A8C09F8E,408234,2026-06-19,PROXY:open-data-hedonic-OLS,false
4777E0AE-F151-5D59-E063-4804A8C09F8E,1119795,2026-06-19,PROXY:open-data-hedonic-OLS,false
4777E0AE-4881-5D59-E063-4804A8C09F8E,550667,2026-06-19,PROXY:open-data-hedonic-OLS,false
49E87C31-8373-591C-E063-4704A8C00C31,1071456,2026-06-19,PROXY:open-data-hedonic-OLS,false
4777E0AE-F221-5D59-E063-4804A8C09F8E,913877,2026-06-19,PROXY:open-data-hedonic-OLS,false
4777E0AE-F1AB-5D59-E063-4804A8C09F8E,511627,2026-06-19,PROXY:open-data-hedonic-OLS,false
4777E0AE-465C-5D59-E063-4804A8C09F8E,683680,2026-06-19,PROXY:open-data-hedonic-OLS,false
49E87C32-2FF6-591C-E063-4704A8C00C31,1244981,2026-06-19,PROXY:open-data-hedonic-OLS,false
4C1B673F-6AA9-D8EA-E063-4704A8C0BF7D,935307,2026-06-19,PROXY:open-data-hedonic-OLS,false
49E87C32-3372-591C-E063-4704A8C00C31,429530,2026-06-19,PROXY:open-data-hedonic-OLS,false
49E87C31-8615-591C-E063-4704A8C00C31,733182,2026-06-19,PROXY:open-data-hedonic-OLS,false
4C1B673F-DD2D-D8EA-E063-4704A8C0BF7D,1539326,2026-06-19,PROXY:open-data-hedonic-OLS,false
49E87C32-2FA1-591C-E063-4704A8C00C31,794278,2026-06-19,PROXY:open-data-hedonic-OLS,false
49E87C31-842F-591C-E063-4704A8C00C31,962914,2026-06-19,PROXY:open-data-hedonic-OLS,false
49E87C32-2F2A-591C-E063-4704A8C00C31,884269,2026-06-19,PROXY:open-data-hedonic-OLS,false
4C1B673F-6599-D8EA-E063-4704A8C0BF7D,889367,2026-06-19,PROXY:open-data-hedonic-OLS,false
49E87C32-2F0D-591C-E063-4704A8C00C31,928073,2026-06-19,PROXY:open-data-hedonic-OLS,false
49E87C32-2FC3-591C-E063-4704A8C00C31,914812,2026-06-19,PROXY:open-data-hedonic-OLS,false
49E87C32-344E-591C-E063-4704A8C00C31,870694,2026-06-19,PROXY:open-data-hedonic-OLS,false
49E87C32-2F8C-591C-E063-4704A8C00C31,949883,2026-06-19,PROXY:open-data-hedonic-OLS,false
49E87C32-2EE9-591C-E063-4704A8C00C31,987103,2026-06-19,PROXY:open-data-hedonic-OLS,false
49E87C31-8557-591C-E063-4704A8C00C31,1042572,2026-06-19,PROXY:open-data-hedonic-OLS,false
4C1B673F-65AD-D8EA-E063-4704A8C0BF7D,885839,2026-06-19,PROXY:open-data-hedonic-OLS,false
4E75C29D-739D-8922-E063-4804A8C094D0,1413775,2026-06-19,PROXY:open-data-hedonic-OLS,false
4C1B673E-CD67-D8EA-E063-4704A8C0BF7D,453742,2026-06-19,PROXY:open-data-hedonic-OLS,false
4C1B673F-6651-D8EA-E063-4704A8C0BF7D,742908,2026-06-19,PROXY:open-data-hedonic-OLS,false
4C1B673F-6A05-D8EA-E063-4704A8C0BF7D,696907,2026-06-19,PROXY:open-data-hedonic-OLS,false
4E75C29D-77F8-8922-E063-4804A8C094D0,877504,2026-06-19,PROXY:open-data-hedonic-OLS,false
4E75C29D-7307-8922-E063-4804A8C094D0,1025970,2026-06-19,PROXY:open-data-hedonic-OLS,false
4C1B673F-6977-D8EA-E063-4704A8C0BF7D,458615,2026-06-19,PROXY:open-data-hedonic-OLS,false
4E75C29D-FC88-8922-E063-4804A8C094D0,404940,2026-06-19,PROXY:open-data-hedonic-OLS,false
50D10B84-38D2-B8D0-E063-4704A8C08D98,1125119,2026-06-19,PROXY:open-data-hedonic-OLS,false
4E75C29D-77B5-8922-E063-4804A8C094D0,969382,2026-06-19,PROXY:open-data-hedonic-OLS,false
4E75C29D-739A-8922-E063-4804A8C094D0,810005,2026-06-19,PROXY:open-data-hedonic-OLS,false
4E75C29D-77A9-8922-E063-4804A8C094D0,946066,2026-06-19,PROXY:open-data-hedonic-OLS,false
4E75C29D-7941-8922-E063-4804A8C094D0,1022042,2026-06-19,PROXY:open-data-hedonic-OLS,false
4E75C29D-7762-8922-E063-4804A8C094D0,919801,2026-06-19,PROXY:open-data-hedonic-OLS,false
50D10B84-3B31-B8D0-E063-4704A8C08D98,420791,2026-06-19,PROXY:open-data-hedonic-OLS,false
4E75C29C-CC34-8922-E063-4804A8C094D0,494473,2026-06-19,PROXY:open-data-hedonic-OLS,false
4E75C29D-7735-8922-E063-4804A8C094D0,975771,2026-06-19,PROXY:open-data-hedonic-OLS,false
4E75C29C-C748-8922-E063-4804A8C094D0,400609,2026-06-19,PROXY:open-data-hedonic-OLS,false
50D10B84-380A-B8D0-E063-4704A8C08D98,919853,2026-06-19,PROXY:open-data-hedonic-OLS,false
4E75C29D-7745-8922-E063-4804A8C094D0,435161,2026-06-19,PROXY:open-data-hedonic-OLS,false
50D10B84-3BD5-B8D0-E063-4704A8C08D98,1265921,2026-06-19,PROXY:open-data-hedonic-OLS,false
50D10B84-3B32-B8D0-E063-4704A8C08D98,417110,2026-06-19,PROXY:open-data-hedonic-OLS,false
50D10B84-37FE-B8D0-E063-4704A8C08D98,811972,2026-06-19,PROXY:open-data-hedonic-OLS,false
50D10B84-3B62-B8D0-E063-4704A8C08D98,891176,2026-06-19,PROXY:open-data-hedonic-OLS,false
50D10B84-3C07-B8D0-E063-4704A8C08D98,584971,2026-06-19,PROXY:open-data-hedonic-OLS,false
50D10B84-3959-B8D0-E063-4704A8C08D98,895879,2026-06-19,PROXY:open-data-hedonic-OLS,false
50D10B84-3D90-B8D0-E063-4704A8C08D98,986955,2026-06-19,PROXY:open-data-hedonic-OLS,false
50D10B84-38FC-B8D0-E063-4704A8C08D98,875196,2026-06-19,PROXY:open-data-hedonic-OLS,false
50D10B84-3B94-B8D0-E063-4704A8C08D98,672171,2026-06-19,PROXY:open-data-hedonic-OLS,false
50D10B84-38A6-B8D0-E063-4704A8C08D98,418106,2026-06-19,PROXY:open-data-hedonic-OLS,false
50D10B84-3935-B8D0-E063-4704A8C08D98,814776,2026-06-19,PROXY:open-data-hedonic-OLS,false
50D10B84-3B30-B8D0-E063-4704A8C08D98,400449,2026-06-19,PROXY:open-data-hedonic-OLS,false
50D10B83-B47E-B8D0-E063-4704A8C08D98,789569,2026-06-19,PROXY:open-data-hedonic-OLS,false
50D10B84-3905-B8D0-E063-4704A8C08D98,813600,2026-06-19,PROXY:open-data-hedonic-OLS,false
50D10B84-388E-B8D0-E063-4704A8C08D98,946119,2026-06-19,PROXY:open-data-hedonic-OLS,false
